time,La Toba ,Aura Solar Uno,Aura Solar Tres,Sol de Insurgentes,Eólica Coromuel,EO_LAPAZ,PV_LPIL,PV_TRI,PV_SJC,PV_PAL,PV_CSLD,PV_OALTAS,PV_VILLAC
1,0.01966047,0,2.07563E-06,5.03369E-07,0.285177309,0.354019467,0,0,0,0,0,0,0
2,0.005504885,0,2.35223E-06,1.49083E-05,0.300543058,0.352258186,0,0,0,0,0,0,0
3,0.005244445,0,2.52858E-06,3.23284E-06,0.319301191,0.348703388,0,0,0,0,0,0,0
4,0.000478745,0,2.59682E-06,0,0.339649248,0.355923453,0,0,0,0,0,0,0
5,0.000141006,0,2.48949E-06,0,0.35754206,0.350524164,0,0,0,0,0,0,0
6,0.000133183,0,2.44276E-06,0,0.366470144,0.348110737,0,0,0,0,0,0,0
7,0.000180005,2.22388E-07,6.19254E-06,0,0.369196352,0.348538874,2.53196E-06,2.53821E-06,2.54389E-06,2.52537E-06,2.50871E-06,2.53821E-06,0
8,0.007803116,0.047280363,0.046145102,0.040663098,0.368514334,0.33169132,0.045573187,0.045685793,0.045787908,0.045454546,0.045154811,0.045685793,0.032886322
9,0.217015808,0.3157352,0.307682183,0.480392454,0.34585719,0.309419356,0.316665953,0.317448395,0.318157942,0.315841576,0.31375886,0.317448395,0.301217095
10,0.43395909,0.559782693,0.566099646,0.744577634,0.31595129,0.310163254,0.590792024,0.592251797,0.593575571,0.589254013,0.585368367,0.592251797,0.572777962
11,0.508474825,0.677757099,0.712476346,0.81018032,0.314060193,0.316898403,0.756650602,0.758520191,0.760215601,0.754680811,0.749704311,0.758520191,0.754087174
12,0.583404023,0.737796995,0.793247536,0.805931368,0.306338665,0.324713169,0.853035904,0.855143649,0.857055027,0.850815192,0.845204765,0.855143649,0.856175762
13,0.635852405,0.777328861,0.82573935,0.803433014,0.306561559,0.331331779,0.89117276,0.893295031,0.895291684,0.888773465,0.883101174,0.893295031,0.880450786
14,0.711921104,0.780018971,0.809717572,0.788762262,0.297955259,0.331434816,0.869709799,0.871858744,0.873807483,0.867445681,0.86172559,0.871858744,0.83841257
15,0.744794643,0.735239308,0.737409179,0.785857174,0.295951151,0.31847657,0.790850308,0.7928044,0.794576441,0.788791485,0.783590053,0.7928044,0.752262528
16,0.74626316,0.588580076,0.576239593,0.757150912,0.292049953,0.302857969,0.617255801,0.618780963,0.620164034,0.615648897,0.611589199,0.618780963,0.604650313
17,0.6220766,0.339881755,0.334347505,0.595247708,0.276803147,0.2792634,0.355117611,0.355995062,0.356790766,0.354193132,0.351857519,0.355995062,0.375783539
18,0.420579184,0.058206459,0.057930867,0.116246046,0.265564736,0.291232424,0.064571397,0.064730945,0.064875629,0.064403298,0.063978611,0.064730945,0.073473063
19,0.465999268,1.59846E-05,9.83048E-05,9.41573E-05,0.270566993,0.327933842,7.23099E-05,7.24886E-05,7.26506E-05,7.21217E-05,7.16461E-05,7.24886E-05,9.89861E-05
20,0.445353977,1.07264E-09,2.4424E-06,0,0.285271366,0.340200226,0,0,0,0,0,0,0
21,0.391442336,0,2.60306E-06,0,0.267433783,0.33304144,0,0,0,0,0,0,0
22,0.334651297,0,2.73482E-06,0,0.265847834,0.337737829,0,0,0,0,0,0,0
23,0.264779451,0,2.4378E-06,0,0.256284339,0.346564133,0,0,0,0,0,0,0
24,0.206103111,0,2.28372E-06,0,0.264877554,0.343349446,0,0,0,0,0,0,0
25,0.013848619,0,2.39998E-06,3.93913E-09,0.262311052,0.360401899,0,0,0,0,0,0,0
26,0.000123997,0,2.84032E-06,0,0.261927274,0.359638976,0,0,0,0,0,0,0
27,0.000120864,0,2.93036E-06,0,0.262714669,0.363696524,0,0,0,0,0,0,0
28,0.000130368,0,2.87069E-06,0,0.265955031,0.374674656,0,0,0,0,0,0,0
29,0.000159788,0,2.75094E-06,0,0.263977003,0.375296632,0,0,0,0,0,0,0
30,0.000156102,0,2.47194E-06,0,0.274886664,0.371202632,0,0,0,0,0,0,0
31,0.000150939,0.000282984,0.000388586,2.39202E-05,0.266117067,0.361955245,0.000271748,0.00027242,0.000273028,0.000271041,0.000269253,0.00027242,4.85711E-05
32,0.004090465,0.093977316,0.088696904,0.066168382,0.258910905,0.335000216,0.085690585,0.085902315,0.08609432,0.085467506,0.084903918,0.085902315,0.059963617
33,0.181486733,0.377436785,0.36623225,0.39578875,0.24301536,0.321429426,0.361161624,0.362054009,0.362863256,0.36022141,0.357846046,0.362054009,0.315022385
34,0.36767579,0.604264228,0.611417329,0.590623372,0.221590772,0.316220149,0.623857387,0.62539886,0.626796723,0.622233297,0.61813018,0.62539886,0.577869886
35,0.472870158,0.739279205,0.751428605,0.674792473,0.230383944,0.317396445,0.808213142,0.810210136,0.812021081,0.806109118,0.800793491,0.810210136,0.785719747
36,0.590909853,0.782383967,0.814672598,0.684366383,0.245768505,0.339153526,0.888411672,0.890606826,0.89259747,0.886098867,0.880255774,0.890606826,0.890992057
37,0.643092275,0.801960235,0.825779388,0.705799892,0.242891229,0.356266499,0.919231466,0.921414527,0.923474031,0.916750629,0.91080276,0.921414527,0.935447862
38,0.709965287,0.805408946,0.819212315,0.704930456,0.238857711,0.3574289,0.907709271,0.909952108,0.911985991,0.905346229,0.899376215,0.909952108,0.92082687
39,0.741862437,0.790217666,0.78634798,0.70487601,0.244017893,0.355399245,0.861968714,0.864098531,0.866029925,0.859724747,0.85405557,0.864098531,0.850236722
40,0.737521616,0.664303304,0.659413078,0.695086182,0.241267554,0.352771328,0.715167879,0.71693497,0.71853743,0.71330608,0.708602413,0.71693497,0.714657306
41,0.656081267,0.438876997,0.430015895,0.61982217,0.237829371,0.326783675,0.46778087,0.468936698,0.469984844,0.466563094,0.463486494,0.468936698,0.500337045
42,0.467613099,0.15060306,0.14630393,0.248815432,0.229724222,0.307220376,0.162393588,0.162794842,0.163158714,0.161970828,0.160902764,0.162794842,0.181682813
43,0.41005866,0.002076084,0.002747821,0.00273715,0.224747845,0.311733469,0.003164629,0.003172449,0.00317954,0.003156391,0.003135577,0.003172449,0.004024414
44,0.418617113,2.83669E-08,3.10579E-06,0,0.237454088,0.310774711,0,0,0,0,0,0,0
45,0.381656053,7.52765E-09,3.14742E-06,0,0.246167444,0.328661891,0,0,0,0,0,0,0
46,0.313853121,0,2.94473E-06,0,0.248339519,0.328538913,0,0,0,0,0,0,0
47,0.24444291,0,2.66754E-06,0,0.242674922,0.334508786,0,0,0,0,0,0,0
48,0.188746214,0,2.21224E-06,1.03208E-06,0.245308204,0.366153428,0,0,0,0,0,0,0
49,0.014712281,0,2.75733E-06,0,0.284973497,0.382779555,0,0,0,0,0,0,0
50,0.000168582,0,3.31915E-06,0,0.297521955,0.388628844,0,0,0,0,0,0,0
51,0.000160266,0,3.43293E-06,0,0.273953256,0.394420047,0,0,0,0,0,0,0
52,0.000157143,0,3.50561E-06,0,0.258544748,0.383774981,0,0,0,0,0,0,0
53,0.000166057,0,3.25688E-06,0,0.2532182,0.369526238,0,0,0,0,0,0,0
54,0.000165237,0,2.87793E-06,0,0.249593132,0.363327872,0,0,0,0,0,0,0
55,0.000312832,0.010350992,0.009934078,0.007441228,0.252982224,0.351939174,0.009160036,0.00918267,0.009203194,0.00913619,0.009075944,0.00918267,0.006354826
56,0.040054812,0.181997637,0.161289799,0.257263981,0.253289139,0.333615519,0.162607612,0.163009396,0.163373747,0.162184295,0.161114823,0.163009396,0.149720656
57,0.212321508,0.466275299,0.434048433,0.673240817,0.205349851,0.325470535,0.441001054,0.442090712,0.443078853,0.439852994,0.436952525,0.442090712,0.428524375
58,0.413461499,0.689718743,0.647053027,0.819144017,0.205168173,0.337064214,0.682057671,0.683742951,0.685271222,0.680282068,0.675796167,0.683742951,0.666351469
59,0.491010122,0.813343605,0.758468228,0.862272625,0.216614942,0.339367358,0.824044176,0.826080286,0.827926703,0.821898939,0.816479191,0.826080286,0.824737517
60,0.660141017,0.856637803,0.813776914,0.864105204,0.228088265,0.348595223,0.889293934,0.891331857,0.893324121,0.886820227,0.88150168,0.891331857,0.906915934
61,0.717142969,0.877291341,0.828415134,0.868254936,0.23775019,0.357886337,0.91251082,0.914575045,0.916619261,0.909945766,0.904669135,0.914575045,0.934483776
62,0.850704748,0.873777448,0.820853281,0.870932261,0.254924705,0.373844271,0.900630981,0.902738048,0.904755807,0.898168684,0.892659045,0.902738048,0.914279837
63,0.876821248,0.83492318,0.773998321,0.867623563,0.270075179,0.38039224,0.845306784,0.847395432,0.849289491,0.843106194,0.837546602,0.847395432,0.838599015
64,0.869422947,0.695218559,0.654377928,0.852675908,0.285842378,0.383758879,0.70333364,0.70507149,0.706647433,0.701502649,0.696876816,0.70507149,0.70763583
65,0.836409619,0.470336664,0.442338166,0.814885904,0.277005266,0.38024928,0.470820147,0.471983485,0.473038441,0.469594459,0.46649787,0.471983485,0.516288733
66,0.641506751,0.185778009,0.173107003,0.4850375,0.25022169,0.352755467,0.186991271,0.187453303,0.18787229,0.186504476,0.185274632,0.187453303,0.240973895
67,0.607696182,0.009666394,0.010125341,0.033565935,0.223691503,0.345153549,0.011338893,0.01136691,0.011392317,0.011309375,0.011234799,0.01136691,0.018177949
68,0.720915213,5.53817E-08,5.29963E-05,0,0.249149174,0.349393223,0,0,0,0,0,0,0
69,0.654803613,4.41188E-08,3.8477E-06,0,0.267696642,0.352487104,0,0,0,0,0,0,0
70,0.553306249,1.71869E-08,3.83796E-06,0,0.264213831,0.368030462,0,0,0,0,0,0,0
71,0.330997258,0,3.22209E-06,0,0.278968453,0.367988089,0,0,0,0,0,0,0
72,0.221606183,0,2.49738E-06,0,0.288238916,0.379981596,0,0,0,0,0,0,0
73,0.032115258,0,1.76516E-06,0,0.33439984,0.41012178,0,0,0,0,0,0,0
74,0.000114018,0,1.85505E-06,0,0.333021334,0.412390485,0,0,0,0,0,0,0
75,0.000119883,0,1.82234E-06,0,0.338488914,0.415745921,0,0,0,0,0,0,0
76,0.002832033,0,1.87169E-06,0,0.318246147,0.402974462,0,0,0,0,0,0,0
77,0.002372679,0,1.91362E-06,0,0.304117631,0.390284519,0,0,0,0,0,0,0
78,0.001378632,7.63851E-05,8.06523E-05,4.33551E-05,0.290793961,0.387015641,0,0,0,0,0,0,0
79,0.004686009,0.040507688,0.039696024,0.056249189,0.261993771,0.350464167,0.038913353,0.039009503,0.039096695,0.03881205,0.038556116,0.039009503,0.03421874
80,0.107563407,0.254158276,0.236384519,0.424307067,0.220225619,0.317518136,0.240681611,0.241276306,0.241815595,0.240055044,0.238472078,0.241276306,0.250924346
81,0.266334802,0.538280945,0.520880887,0.763969401,0.172047606,0.337509118,0.531601164,0.532914684,0.534105831,0.530217245,0.526720898,0.532914684,0.556244188
82,0.41538517,0.741408071,0.728647871,0.885902458,0.1700829,0.342886763,0.760119168,0.761997327,0.763700509,0.758140347,0.753141035,0.761997327,0.803557436
83,0.573398561,0.860743946,0.854072475,0.926473262,0.176005324,0.358249752,0.899221667,0.901361169,0.90337585,0.896798774,0.891272539,0.901361169,0.951961287
84,0.686120422,0.89901202,0.903983691,0.938585893,0.192528839,0.381122235,0.944627653,0.946220447,0.948335396,0.94143099,0.938709768,0.946220447,0.980637432
85,0.715601485,0.909848764,0.915735505,0.938862936,0.200836227,0.406710772,0.957400506,0.95868244,0.960825243,0.953829904,0.95235615,0.95868244,0.988505483
86,0.768285236,0.909696653,0.896495161,0.937899604,0.226062453,0.431709522,0.953041032,0.954570035,0.956703647,0.949738315,0.946853908,0.954570035,0.989153321
87,0.780688958,0.852299603,0.828920609,0.942497746,0.243125164,0.45057359,0.892428991,0.894551709,0.896551171,0.890023782,0.884281754,0.894551709,0.955120225
88,0.790817842,0.701212504,0.679405725,0.926892934,0.264787378,0.476703987,0.727697659,0.729495709,0.731126244,0.725803241,0.721017165,0.729495709,0.799615145
89,0.75354429,0.464069619,0.447191065,0.891531671,0.280354292,0.461310047,0.478731501,0.479914387,0.48098707,0.477485218,0.474336595,0.479914387,0.581002528
90,0.569860459,0.188888494,0.182064772,0.640923373,0.274060054,0.438911359,0.196675623,0.197161584,0.197602271,0.196163617,0.194870079,0.197161584,0.300875376
91,0.631177305,0.015530072,0.016827257,0.087895278,0.2767967,0.418542338,0.018767623,0.018813995,0.018856047,0.018718765,0.01859533,0.018813995,0.038340433
92,0.688704089,1.1256E-07,2.11322E-06,4.17391E-07,0.294036915,0.425552023,0,0,0,0,0,0,0
93,0.572140064,4.38363E-08,2.09048E-06,0,0.328270097,0.413947634,0,0,0,0,0,0,0
94,0.509511899,2.66096E-08,1.8987E-06,0,0.329958093,0.430622949,0,0,0,0,0,0,0
95,0.299193234,2.59647E-08,1.59266E-06,0,0.309035311,0.43144145,0,0,0,0,0,0,0
96,0.231115052,1.76679E-09,1.55557E-06,0,0.313237629,0.432304025,0,0,0,0,0,0,0
97,0.023070643,0,0,0,0.434927765,0.349101024,0,0,0,0,0,0,0
98,0.00071156,0,0,0,0.462812383,0.337315899,0,0,0,0,0,0,0
99,0.000108843,0,0,0,0.446170548,0.323051656,0,0,0,0,0,0,0
100,0.000116718,0,0,0,0.375498505,0.303730993,0,0,0,0,0,0,0
101,0.000119776,0,0,0,0.321190248,0.299719097,0,0,0,0,0,0,0
102,0.002280423,0.002007744,0.001955544,0.000445182,0.292829978,0.273503037,0,0,0,0,0,0,0
103,0.019160189,0.067353818,0.063067255,0.11950072,0.252922722,0.232023737,0.062909606,0.063065048,0.063206008,0.062745833,0.062332076,0.063065048,0.068808497
104,0.132682203,0.291351604,0.263611427,0.507714137,0.178994468,0.213018279,0.264688047,0.265342058,0.265935138,0.263998983,0.262258127,0.265342058,0.276281984
105,0.287027343,0.571295838,0.527496455,0.839872526,0.139956928,0.233987634,0.535947175,0.537271434,0.538472318,0.534551942,0.531027011,0.537271434,0.54925903
106,0.420131576,0.791135059,0.748351308,0.953733286,0.123415526,0.251327254,0.762256992,0.764140434,0.765848406,0.760272606,0.755259233,0.764140434,0.769712961
107,0.594493877,0.905923064,0.884324957,0.969806767,0.125727375,0.271057335,0.894951967,0.897163282,0.89916858,0.892622135,0.886736026,0.897163282,0.902768327
108,0.672907768,0.940897369,0.944553538,0.971798845,0.138811391,0.29224276,0.951039204,0.953309397,0.955440191,0.948484058,0.942604504,0.953309397,0.964149223
109,0.708606242,0.950137032,0.951005833,0.973426586,0.163315414,0.313813367,0.963576606,0.965910027,0.968068986,0.961020908,0.95473067,0.965910027,0.974912043
110,0.73316644,0.931764337,0.922720625,0.975264497,0.189816919,0.333775829,0.941152829,0.943318888,0.945427352,0.938544118,0.933105028,0.943318888,0.953346542
111,0.742643191,0.867982742,0.839826856,0.970170495,0.216938864,0.35935712,0.861103176,0.863230854,0.865160309,0.858861463,0.853197978,0.863230854,0.873329759
112,0.727576718,0.719701515,0.671766547,0.949701371,0.242745182,0.385288318,0.697694996,0.699418913,0.700982222,0.695878684,0.691289936,0.699418913,0.727694209
113,0.724624323,0.475109909,0.436556474,0.9268551,0.276359361,0.398064206,0.45916219,0.460296723,0.461325557,0.457966852,0.454946937,0.460296723,0.540721925
114,0.633616193,0.193224435,0.180616748,0.754897176,0.300271192,0.378540136,0.190369113,0.190839491,0.191266047,0.189873524,0.188621465,0.190839491,0.306926378
115,0.641795729,0.0238924,0.024047486,0.175397352,0.325939371,0.33022566,0.026091885,0.026156354,0.026214818,0.02602396,0.025852353,0.026156354,0.060666747
116,0.659861686,3.62007E-07,1.60913E-07,0.000652497,0.375593845,0.336434462,0,0,0,0,0,0,0
117,0.621386599,0,0,0,0.42936556,0.334591285,0,0,0,0,0,0,0
118,0.565464936,0,0,0,0.436959518,0.337335414,0,0,0,0,0,0,0
119,0.350155815,0,0,0,0.422625782,0.349638214,0,0,0,0,0,0,0
120,0.20723861,0,0,0,0.404020778,0.344261915,0,0,0,0,0,0,0
121,0.017542205,0,0,0,0.5020978,0.299909056,0,0,0,0,0,0,0
122,0.000115248,0,2.78161E-07,0,0.516328819,0.298317966,0,0,0,0,0,0,0
123,0.000211269,0,0,0,0.500668241,0.275379555,0,0,0,0,0,0,0
124,0.000136723,0,2.9993E-07,0,0.469766122,0.254050142,0,0,0,0,0,0,0
125,0.000125715,0,0,0,0.427782942,0.236398562,0,0,0,0,0,0,0
126,0.000276607,0.002760217,0.002599076,0.000748855,0.371397488,0.210075693,0,0,0,0,0,0,0
127,0.031208744,0.060773445,0.056520824,0.138869489,0.29554173,0.165552677,0.060609644,0.060759403,0.06089521,0.060451859,0.060053229,0.060759403,0.06926871
128,0.162770073,0.255194766,0.2340324,0.533805662,0.219345702,0.14531711,0.251812226,0.252434423,0.252998653,0.251156682,0.249500511,0.252434423,0.2747494
129,0.32252545,0.515406092,0.478935946,0.82206974,0.157385279,0.158773924,0.52260696,0.523898257,0.52506925,0.521246456,0.517809264,0.523898257,0.538092872
130,0.539429001,0.736794445,0.687584076,0.929840755,0.154647835,0.179655215,0.761068402,0.762948907,0.764654215,0.75908711,0.754081554,0.762948907,0.75582863
131,0.733649509,0.858545808,0.827273716,0.950651339,0.148883912,0.213911065,0.914645998,0.916905974,0.9189554,0.912264897,0.90624926,0.916905974,0.902355754
132,0.808664711,0.915983546,0.890837389,0.949834938,0.152325852,0.232977735,0.976400274,0.9775774,0.979762437,0.972629224,0.971682564,0.9775774,0.969058166
133,0.850186174,0.92432515,0.906552453,0.945872681,0.178313432,0.248635451,0.984510825,0.98537854,0.987581014,0.980390877,0.980866186,0.98537854,0.976884525
134,0.858696486,0.91109284,0.889313252,0.941458295,0.217778168,0.263261405,0.976702847,0.977963083,0.980148982,0.973012955,0.971540142,0.977963083,0.967954436
135,0.863898939,0.839200574,0.805582778,0.94124733,0.260786902,0.281986913,0.900766244,0.902991925,0.905010252,0.898421276,0.892496927,0.902991925,0.902273412
136,0.869727215,0.702659269,0.651784531,0.933554746,0.305398879,0.30771454,0.738197505,0.740021499,0.741675561,0.736275753,0.73142062,0.740021499,0.762560781
137,0.875430399,0.471914292,0.435233718,0.914906437,0.371937712,0.320349937,0.496721143,0.497948479,0.499061471,0.495428027,0.492161086,0.497948479,0.573306503
138,0.854646467,0.206286997,0.194435286,0.759371783,0.434441555,0.309746738,0.222365658,0.222915095,0.223413345,0.221786772,0.220324271,0.222915095,0.335671032
139,0.731314262,0.033261742,0.033773987,0.243312533,0.451826701,0.277362963,0.039721365,0.039819512,0.039908514,0.039617958,0.03935671,0.039819512,0.087445882
140,0.725053672,8.10649E-05,0.000156274,0.002779579,0.49551073,0.273321961,0,0,0,0,0,0,0
141,0.728407195,0,3.24349E-08,0,0.517918803,0.286341419,0,0,0,0,0,0,0
142,0.622316549,0,3.54754E-08,0,0.50270078,0.303064311,0,0,0,0,0,0,0
143,0.455350437,0,3.78173E-08,0,0.494772972,0.303304247,0,0,0,0,0,0,0
144,0.265167603,0,8.02646E-08,0,0.489753388,0.299518087,0,0,0,0,0,0,0
145,0.021853969,0,1.86781E-07,0,0.466450299,0.237663172,0,0,0,0,0,0,0
146,0.000311018,0,2.81934E-06,0,0.47647503,0.232494374,0,0,0,0,0,0,0
147,0.000124239,0,3.02081E-07,0,0.489337394,0.237982758,0,0,0,0,0,0,0
148,0.000129772,0,1.0565E-07,0,0.477825281,0.227732781,0,0,0,0,0,0,0
149,0.000134132,0,9.52818E-08,0,0.435914616,0.207846957,0,0,0,0,0,0,0
150,0.000287527,0.000773635,0.000739807,9.144E-05,0.35729667,0.177435944,0,0,0,0,0,0,0
151,0.016827702,0.04660307,0.043324799,0.125663985,0.290615704,0.131088428,0.047407231,0.047524369,0.047630593,0.047283816,0.046972018,0.047524369,0.064157121
152,0.135313475,0.233669592,0.20593263,0.59969572,0.20644963,0.09661467,0.228896767,0.229462342,0.229975226,0.228300879,0.226795423,0.229462342,0.293926017
153,0.350902488,0.503793314,0.452757192,0.869562428,0.12601127,0.105104762,0.502172844,0.50341365,0.504538858,0.500865536,0.497562739,0.50341365,0.555425663
154,0.546157619,0.724423651,0.659812019,0.929343385,0.092377159,0.122408995,0.735993387,0.737811935,0.739461059,0.734077373,0.729236736,0.737811935,0.763126247
155,0.698496003,0.847896434,0.801659174,0.956343092,0.081070562,0.155227864,0.888292316,0.890487176,0.892477552,0.885979822,0.880137513,0.890487176,0.910847123
156,0.829602003,0.905922322,0.883978006,0.974672531,0.098890275,0.168765745,0.972906917,0.974648684,0.976827175,0.969715332,0.965679371,0.974648684,0.980546609
157,0.872088596,0.918165372,0.899107142,0.976626927,0.150209394,0.179126961,0.983475361,0.984695787,0.986896734,0.97971158,0.978685212,0.984695787,0.983407992
158,0.901061248,0.883705576,0.857235214,0.962305699,0.181700465,0.196588836,0.951870474,0.953570413,0.95570179,0.948743752,0.944804649,0.953570413,0.973205217
159,0.927398351,0.793588477,0.763267193,0.950814113,0.235065794,0.222486906,0.8543179,0.856428813,0.858343063,0.852093851,0.846474993,0.856428813,0.907364431
160,0.935709003,0.680095819,0.627044411,0.938228521,0.303664206,0.282974473,0.711979341,0.713738553,0.715333869,0.710125842,0.705443146,0.713738553,0.770727174
161,0.934153124,0.487932772,0.438837604,0.896123284,0.422211649,0.331727889,0.499963877,0.501199226,0.502319483,0.49866232,0.495374052,0.501199226,0.582100731
162,0.922850155,0.230660868,0.207621569,0.767227133,0.498609158,0.322833103,0.239803417,0.240395941,0.240933263,0.239179135,0.237601946,0.240395941,0.351059025
163,0.703919357,0.039587222,0.03808165,0.252916001,0.531208733,0.263363338,0.045519462,0.045631935,0.04573393,0.045400961,0.045101579,0.045631935,0.094773584
164,0.665848891,0.000136859,0.000258119,0.002849964,0.532897429,0.246899877,0,0,0,0,0,0,0
165,0.6870014,4.45145E-08,0.000432055,0,0.521148772,0.254092402,0,0,0,0,0,0,0
166,0.669834789,2.76669E-08,2.22476E-07,0,0.496895239,0.250625822,0,0,0,0,0,0,0
167,0.550346623,0,1.61182E-07,0,0.447411786,0.242623654,0,0,0,0,0,0,0
168,0.295207922,0,1.32288E-07,0,0.440014543,0.242458915,0,0,0,0,0,0,0
169,0.013441518,0,1.31727E-06,0,0.305215317,0.170250768,0,0,0,0,0,0,0
170,0.000102915,0,1.83739E-06,0,0.333833938,0.179493221,0,0,0,0,0,0,0
171,0.000101125,0,1.49697E-06,0,0.341637468,0.175749869,0,0,0,0,0,0,0
172,0.000103624,0,1.78127E-06,0,0.353316465,0.166192655,0,0,0,0,0,0,0
173,0.000108563,0,1.77778E-06,0,0.334547284,0.157579943,0,0,0,0,0,0,0
174,0.000108061,2.64311E-05,0.000122327,0,0.303472758,0.142755235,0,0,0,0,0,0,0
175,0.001248575,0.035897132,0.031533454,0.063916317,0.25636481,0.117514758,0.034558009,0.034643398,0.034720831,0.034468044,0.034240756,0.034643398,0.040027001
176,0.110709409,0.216494396,0.173604895,0.500342761,0.168996207,0.080541562,0.20433878,0.204843675,0.205301533,0.203806824,0.202462885,0.204843675,0.261789062
177,0.276006432,0.484963817,0.411615236,0.768507209,0.099079743,0.081826469,0.471746025,0.472911651,0.473968681,0.470517927,0.467415248,0.472911651,0.527855178
178,0.4337886,0.697595648,0.615757847,0.892541942,0.082691013,0.096759594,0.699436179,0.701164398,0.702731609,0.697615334,0.693015135,0.701164398,0.748637222
179,0.539882952,0.819564178,0.75779997,0.940935175,0.080029219,0.130754031,0.85553035,0.857644258,0.859561226,0.853303145,0.847676312,0.857644258,0.902280991
180,0.609504819,0.844550232,0.805881346,0.956331249,0.100404688,0.150944349,0.911883255,0.913976993,0.916019873,0.909350741,0.904104158,0.913976993,0.967269084
181,0.647027677,0.82038951,0.789638197,0.942650891,0.152175566,0.168492594,0.898451804,0.900273238,0.902285487,0.89571635,0.891684429,0.900273238,0.967153765
182,0.674474225,0.772957178,0.73508609,0.925934661,0.197434765,0.173468736,0.851153156,0.853017132,0.854923757,0.848699439,0.843955314,0.853017132,0.939871361
183,0.66655168,0.671457778,0.632829237,0.902479253,0.223964142,0.199054438,0.742314448,0.744148614,0.745811901,0.740381978,0.735499768,0.744148614,0.870250714
184,0.647688913,0.564654279,0.509179449,0.865306339,0.252105599,0.231102957,0.607051249,0.608551197,0.609911403,0.60547091,0.601478327,0.608551197,0.721411534
185,0.619476594,0.419811155,0.359609152,0.781488752,0.311915617,0.275644425,0.428239252,0.429297378,0.430256924,0.427124415,0.424307881,0.429297378,0.523397788
186,0.580906101,0.192041459,0.160920413,0.572663984,0.376862194,0.257241371,0.196656107,0.19714202,0.197582663,0.196144152,0.194850742,0.19714202,0.28670491
187,0.452974832,0.02510625,0.02278686,0.11881294,0.385976926,0.204992861,0.029187567,0.029259686,0.029325086,0.029111583,0.028919616,0.029259686,0.055282777
188,0.475277997,6.86563E-06,0.001472055,0.00031207,0.352646856,0.177995607,0,0,0,0,0,0,0
189,0.485326813,2.77313E-08,1.72575E-06,0,0.316770578,0.17064509,0,0,0,0,0,0,0
190,0.467817687,1.17085E-11,1.45693E-06,0,0.288147437,0.166389054,0,0,0,0,0,0,0
191,0.369877747,0,1.27184E-06,0,0.270619666,0.167718983,0,0,0,0,0,0,0
192,0.194299388,0,1.27948E-06,0,0.273605513,0.168364508,0,0,0,0,0,0,0
193,0.02259209,2.38293E-08,2.80531E-07,0,0.235946888,0.200403479,0,0,0,0,0,0,0
194,0.005118308,1.07096E-08,2.89286E-07,0,0.226612451,0.199135363,0,0,0,0,0,0,0
195,0.003463349,0,1.85495E-06,0,0.242482483,0.201355294,0,0,0,0,0,0,0
196,0.00173666,0,1.18859E-05,0,0.234965576,0.206019797,0,0,0,0,0,0,0
197,0.001340149,0,2.89751E-07,0,0.207384343,0.206684531,0,0,0,0,0,0,0
198,0.001335121,0,2.77189E-07,0,0.198753966,0.19954816,0,0,0,0,0,0,0
199,0.00470856,0.029340414,0.025589134,0.032334366,0.174220926,0.171738739,0.027676789,0.027745175,0.02780719,0.027604738,0.027422707,0.027745175,0.022672188
200,0.082422861,0.237093475,0.194616455,0.442893482,0.134436563,0.139861621,0.223738113,0.224290942,0.224792267,0.223155654,0.221684126,0.224290942,0.237934658
201,0.255482536,0.525336548,0.43958991,0.742782404,0.104760873,0.152764901,0.505585903,0.506835142,0.507967997,0.504269709,0.500944465,0.506835142,0.505491597
202,0.457034768,0.736060339,0.637544356,0.859784607,0.091733395,0.163229965,0.735800488,0.737618559,0.739267251,0.733884976,0.729045608,0.737618559,0.725308223
203,0.554072581,0.819273849,0.737419771,0.894305332,0.106734619,0.188410414,0.8566431,0.858759758,0.860679218,0.854412997,0.848778846,0.858759758,0.860509707
204,0.594182769,0.840654907,0.770606814,0.912193493,0.118804669,0.204556402,0.907147653,0.909306739,0.91133918,0.904704126,0.899120583,0.909306739,0.915473584
205,0.615000346,0.82545159,0.778122333,0.916585757,0.140790723,0.227538348,0.910881173,0.912967121,0.915007744,0.908345981,0.903014921,0.912967121,0.925238515
206,0.630258077,0.798210479,0.745397447,0.890735402,0.173101641,0.232648977,0.873354428,0.875512378,0.877469283,0.871080822,0.86533676,0.875512378,0.895103842
207,0.62820148,0.70949651,0.641471522,0.890318608,0.198337038,0.239052845,0.766204074,0.768097268,0.769814084,0.764209412,0.759170079,0.768097268,0.825807951
208,0.619026789,0.559023842,0.48628145,0.842231559,0.20893075,0.253116786,0.593696761,0.595163712,0.596493995,0.592151188,0.588246438,0.595163712,0.665738429
209,0.563922559,0.361232822,0.305837207,0.778901172,0.220782924,0.250635791,0.376941582,0.377872958,0.378717562,0.375960289,0.37348114,0.377872958,0.469242016
210,0.474097151,0.12806303,0.107708334,0.374143905,0.243384793,0.219519789,0.135034142,0.135367795,0.135670363,0.134682607,0.133794486,0.135367795,0.189685641
211,0.408934622,0.005144968,0.004832538,0.018723665,0.267555331,0.193987709,0.006771782,0.006788514,0.006803687,0.006754153,0.006709615,0.006788514,0.011777219
212,0.433500204,1.00372E-07,0.000343248,0,0.256573626,0.177939414,0,0,0,0,0,0,0
213,0.432122353,6.43189E-08,6.68202E-07,0,0.255435321,0.182286754,0,0,0,0,0,0,0
214,0.42221443,5.4384E-08,3.02884E-07,0,0.238018525,0.184450363,0,0,0,0,0,0,0
215,0.348858328,3.67793E-08,2.31976E-07,0,0.227247201,0.194548655,0,0,0,0,0,0,0
216,0.210465346,1.47211E-08,2.31399E-07,0,0.227296507,0.203348726,0,0,0,0,0,0,0
217,0.01968461,0,0,0,0.217256946,0.248744801,0,0,0,0,0,0,0
218,8.19776E-05,0,2.09677E-08,0,0.220872197,0.256679742,0,0,0,0,0,0,0
219,7.77153E-05,0,0,0,0.208679046,0.247358983,0,0,0,0,0,0,0
220,8.84063E-05,0,0,0,0.200839014,0.248051032,0,0,0,0,0,0,0
221,8.20897E-05,0,0,0,0.193928851,0.25051834,0,0,0,0,0,0,0
222,7.73523E-05,0,0,0,0.188066057,0.248182018,0,0,0,0,0,0,0
223,0.000218214,0.02084948,0.018710245,0.009235411,0.18915095,0.231602986,0.018598757,0.018644712,0.018686386,0.018550339,0.018428015,0.018644712,0.010186747
224,0.062169743,0.251081719,0.218214883,0.3206283,0.162067279,0.202279582,0.230246919,0.23081583,0.231331739,0.229647516,0.22813318,0.23081583,0.189739265
225,0.233100054,0.557712578,0.489374182,0.719568257,0.131445601,0.198253512,0.533278106,0.53459577,0.535790674,0.531889821,0.528382445,0.53459577,0.478255928
226,0.420521333,0.774073879,0.66729284,0.847668258,0.138343535,0.21437855,0.764995834,0.766886043,0.768600152,0.763004317,0.757972931,0.766886043,0.702068094
227,0.588963236,0.877087538,0.771709072,0.88303147,0.145948838,0.216707242,0.896468088,0.898683149,0.900691845,0.89413431,0.888238229,0.898683149,0.838886922
228,0.647513602,0.904821094,0.818772428,0.8870879,0.169066399,0.224642748,0.9495056,0.95129377,0.953420059,0.946478633,0.942402382,0.95129377,0.909998168
229,0.662462366,0.894628104,0.814356777,0.881990644,0.184206615,0.226986635,0.944241079,0.945777124,0.947891082,0.940989911,0.93853404,0.945777124,0.916258288
230,0.678785398,0.885201146,0.785608502,0.882899643,0.202561274,0.230882441,0.919507957,0.921709202,0.923769365,0.917043813,0.911066584,0.921709202,0.869405646
231,0.702342712,0.811448897,0.700388253,0.887663378,0.222405349,0.229988716,0.824389779,0.826426744,0.828273935,0.822243643,0.816821622,0.826426744,0.772324819
232,0.654741258,0.625697983,0.54216675,0.858495299,0.226314351,0.219026497,0.630100391,0.631657291,0.633069142,0.628460049,0.624315871,0.631657291,0.612586893
233,0.606326777,0.348260575,0.301115654,0.659692333,0.232973968,0.198305391,0.349893882,0.350758426,0.351542425,0.348983002,0.346681746,0.350758426,0.374013312
234,0.471411747,0.061660296,0.054351076,0.134590167,0.228916481,0.183213856,0.06557536,0.065737388,0.065884322,0.065404647,0.064973357,0.065737388,0.076271096
235,0.406987862,5.80418E-06,0.000396616,0.001104678,0.244728021,0.183220764,0.00021181,0.000212333,0.000212808,0.000211259,0.000209866,0.000212333,0.000525124
236,0.390362644,5.0225E-08,0.000955285,2.13332E-06,0.239928199,0.193594322,0,0,0,0,0,0,0
237,0.373230551,0,0,0,0.251080504,0.202767693,0,0,0,0,0,0,0
238,0.337255794,0,0,0,0.244815962,0.220046642,0,0,0,0,0,0,0
239,0.279338753,0,0,0,0.228123299,0.228553657,0,0,0,0,0,0,0
240,0.215627388,0,0,0,0.208816511,0.234449408,0,0,0,0,0,0,0
241,0.009017903,0,7.73158E-07,0,0.440377456,0.273341504,0,0,0,0,0,0,0
242,0.000104748,1.48148E-08,8.23807E-07,0,0.449995389,0.276139007,0,0,0,0,0,0,0
243,0.000102783,1.10464E-08,8.60161E-07,0,0.434766073,0.285991438,0,0,0,0,0,0,0
244,0.000106808,0,8.54253E-07,0,0.41011783,0.295080672,0,0,0,0,0,0,0
245,0.000109847,0,8.18499E-07,0,0.392907516,0.299804131,0,0,0,0,0,0,0
246,0.000105526,0,8.55011E-07,0,0.432720989,0.279849381,0,0,0,0,0,0,0
247,0.000301954,0.004922121,0.004792819,0.000289379,0.446209379,0.268776924,0.004543892,0.004555119,0.004565301,0.004532063,0.004502178,0.004555119,0.002027824
248,0.049297479,0.163481931,0.14797922,0.201059071,0.4323751,0.258819177,0.155808321,0.156193304,0.15654242,0.155402704,0.154377951,0.156193304,0.14071043
249,0.240083271,0.486869339,0.446360494,0.648215877,0.387005666,0.253460246,0.47087348,0.47203695,0.473092025,0.469647653,0.466550713,0.47203695,0.452974177
250,0.38396448,0.706548054,0.651477274,0.776404983,0.378306314,0.264634855,0.7013612,0.703094176,0.7046657,0.699535344,0.694922484,0.703094176,0.667606255
251,0.461054059,0.81529201,0.753860494,0.817960901,0.376384658,0.269189421,0.835805856,0.837871028,0.839743799,0.833629999,0.828132895,0.837871028,0.815925264
252,0.543728659,0.858520761,0.791286601,0.811959198,0.348584992,0.271965625,0.892416724,0.894621774,0.896621392,0.890093492,0.884224057,0.894621774,0.879558871
253,0.591302282,0.85226096,0.791435641,0.809191064,0.324058876,0.274373327,0.89596384,0.898177655,0.900185221,0.893631374,0.88773861,0.898177655,0.888643299
254,0.64669365,0.83750817,0.761265342,0.814215531,0.299882704,0.275543375,0.861889293,0.864018913,0.865950129,0.859645533,0.853976878,0.864018913,0.846730084
255,0.697157593,0.751224061,0.676698491,0.8093493,0.302415655,0.268695409,0.758315989,0.760189693,0.761888835,0.756341862,0.75135441,0.760189693,0.735693018
256,0.685877502,0.554315798,0.498928552,0.775734949,0.299142001,0.24713428,0.556219054,0.557593401,0.558839709,0.554771047,0.551112788,0.557593401,0.569233197
257,0.541653296,0.251586527,0.230669389,0.470430887,0.314823886,0.237635883,0.257298992,0.257934746,0.25851127,0.256629165,0.254936906,0.257934746,0.286617967
258,0.415210328,0.017555791,0.017176788,0.033337807,0.343504664,0.245018999,0.020349575,0.020399856,0.020445453,0.020296599,0.020162759,0.020399856,0.025397976
259,0.460591643,9.87654E-09,9.94816E-07,0,0.4021166,0.255263494,3.9655E-07,3.9753E-07,3.98418E-07,3.95518E-07,3.9291E-07,3.9753E-07,0.000192236
260,0.416519208,2.83951E-08,1.02178E-06,0,0.454329644,0.253984655,0,0,0,0,0,0,0
261,0.366139747,3.15236E-08,1.06718E-06,0,0.486345205,0.264696449,0,0,0,0,0,0,0
262,0.2742827,3.08642E-08,1.03385E-06,0,0.489079494,0.26525859,0,0,0,0,0,0,0
263,0.217577799,7.40741E-09,9.33528E-07,0,0.460150792,0.268302941,0,0,0,0,0,0,0
264,0.161465972,0,8.83511E-07,0,0.44205152,0.272911492,0,0,0,0,0,0,0
265,0.015189668,0,8.40416E-07,0,0.447319879,0.364711389,0,0,0,0,0,0,0
266,0.002637788,0,9.32648E-07,0,0.434747095,0.349528509,0,0,0,0,0,0,0
267,0.00416957,0,9.87174E-07,0,0.430600187,0.350337107,0,0,0,0,0,0,0
268,0.00419295,0,9.66541E-07,0,0.415105006,0.347624969,0,0,0,0,0,0,0
269,0.004180165,0,8.40446E-07,0,0.41535756,0.334985341,0,0,0,0,0,0,0
270,0.004179349,0,8.2466E-07,0,0.461648617,0.326913256,0,0,0,0,0,0,0
271,0.005753165,0.000213693,0.000226512,1.07867E-05,0.470714895,0.338814535,0.000176438,0.000176874,0.00017727,0.000175979,0.000174819,0.000176874,0.000326936
272,0.016475727,0.076752795,0.068897336,0.072077711,0.446924851,0.32627044,0.070677399,0.070852034,0.071010399,0.070493404,0.070028558,0.070852034,0.057561618
273,0.124299284,0.375498428,0.356551834,0.508317479,0.378980627,0.312628916,0.364780764,0.365682091,0.366499447,0.363831129,0.361431961,0.365682091,0.358363808
274,0.258244461,0.625651733,0.606117478,0.687990438,0.31156158,0.31401396,0.626713255,0.628261785,0.629666047,0.62508173,0.62095983,0.628261785,0.60977722
275,0.348462178,0.75984217,0.757030338,0.739939418,0.326239835,0.317754075,0.793689235,0.795650342,0.797428744,0.791623021,0.786402918,0.795650342,0.774345293
276,0.467583161,0.802844706,0.809000296,0.735747204,0.348678159,0.315917911,0.858718716,0.860840503,0.862764615,0.856483211,0.850835408,0.860840503,0.851931814
277,0.539078579,0.815556257,0.820997331,0.727338373,0.364844711,0.316317832,0.874178167,0.876338152,0.878296904,0.871902416,0.866152937,0.876338152,0.862912648
278,0.564459071,0.813806568,0.798508246,0.730963755,0.374938464,0.313159071,0.854158069,0.856268587,0.858182479,0.851934436,0.846316629,0.856268587,0.822560166
279,0.628861092,0.751349418,0.713935152,0.723962986,0.366065027,0.308683195,0.758954183,0.760829464,0.762530035,0.756978395,0.751986745,0.760829464,0.723847543
280,0.616881714,0.568603758,0.533536761,0.684438212,0.371383461,0.298810087,0.566938037,0.56833887,0.569609196,0.565462126,0.561733368,0.56833887,0.566476688
281,0.502593729,0.245890836,0.233697355,0.437497432,0.369149832,0.280188796,0.25517911,0.255809626,0.2563814,0.254514801,0.252836485,0.255809626,0.285038466
282,0.45560003,0.020281836,0.020197838,0.032991804,0.369618571,0.283111273,0.022609875,0.022665741,0.022716403,0.022551015,0.022402309,0.022665741,0.027674104
283,0.474774951,3.26188E-08,3.97428E-05,0,0.388247957,0.29093244,1.56992E-05,1.5738E-05,1.57732E-05,1.56583E-05,1.55551E-05,1.5738E-05,0.000234765
284,0.423847016,4.46882E-08,1.00816E-06,0,0.411107955,0.317168737,0,0,0,0,0,0,0
285,0.388857674,0,1.00411E-06,0,0.427002123,0.341134876,0,0,0,0,0,0,0
286,0.327493523,0,9.8163E-07,0,0.44166658,0.358458586,0,0,0,0,0,0,0
287,0.24580805,0,9.07534E-07,0,0.429688174,0.358458693,0,0,0,0,0,0,0
288,0.174930434,0,7.17523E-07,0,0.430407175,0.375497228,0,0,0,0,0,0,0

code,name,System,Tipo de tecnología (0 - General  1 - Eólica  2 - Solar  3 - Biomasa  4 - Hidroeléctrica  5 - Geotérmica  6 - CSP  ),Potencia instalada,SM,Efficiency,Latitud,Longitud,Inclinación
1,La Toba ,SIBCS,2,31.55,,,25.1987,-111.751483,25.1987
2,Aura Solar Uno,BCS,2,30,,,24.059061,-110.331778,24.059061
3,Aura Solar Tres,BCS,2,25,,,24.042192,-110.338003,24.042192
4,Sol de Insurgentes,BCS,2,23,,,25.203867,-111.757617,25.203867
5,Eólica Coromuel,BCS,1,50,,,24.08868107,-110.628311,24.08868107
6,EO_LAPAZ,BCS,1,60,,,24.133909,-110.312814,24.133909
7,PV_LPIL,BCS,2,60,,,24.57821,-111.446634,24.57821
8,PV_TRI,BCS,2,60,,,23.785423,-110.121701,23.785423
9,PV_SJC,BCS,2,60,,,23.064138,-109.704188,23.064138
10,PV_PAL,BCS,2,60,,,23.020101,-109.817976,23.020101
11,PV_CSLD,BCS,2,60,,,22.903763,-109.92079,22.903763
12,PV_OALTAS,BCS,2,60,,,24.059061,-110.331778,24.059061
13,PV_VILLAC,BCS,2,60,,,25.020395,-111.667182,25.020395
